0 60.26 55.62
0.002 59.62 55.13
0.004 59.53 54.72
0.006 59.08 54.08
0.008 58.64 53.6
0.01 57.85 53.84
0.012 57.34 53.44
0.014 56.74 52.82
0.016 56.49 52.97
0.018 55.82 52.89
0.02 55.58 52.2
0.022 55.33 51.97
0.024 54.92 51.82
0.026 54.76 51.22
0.028 54.36 51.14
0.03 53.88 50.99
0.032 53.65 50.7
0.034 53.26 50.47
0.036 53.18 50.47
0.038 52.79 50.62
0.04 53.02 50.33
0.042 52.71 50.11
0.044 52.71 50.25
0.046 52.25 50.18
0.048 52.25 50.04
0.05 51.88 49.6
0.052 51.72 49.67
0.054 51.43 49.53
0.056 51.13 49.38
0.058 51.13 49.17
0.06 50.76 49.17
0.062 50.61 49.1
0.064 50.39 48.67
0.066 50.54 48.32
0.068 50.1 48.11
0.07 50.17 47.83
0.072 49.81 47.7
0.074 49.6 47.76
0.076 49.31 48.11
0.078 49.31 48.04
0.08 49.45 47.9
0.082 49.6 47.56
0.084 49.6 47.7
0.086 49.67 47.35
0.088 49.1 47.42
0.09 49.17 46.94
0.092 48.88 47.08
0.094 48.53 47.01
0.096 48.46 47.08
0.098 48.12 46.74
0.1 48.26 46.27
0.102 48.39 46.47
0.104 47.98 46.07
0.106 47.98 45.87
0.108 47.63 45.74
0.11 47.84 45.74
0.112 47.91 45.67
0.114 47.7 45.47
0.116 47.7 45.41
0.118 47.5 45.74
0.12 47.22 46.07
0.122 46.89 46.27
0.124 46.89 45.74
0.126 46.95 45.15
0.128 46.89 45.02
0.13 46.75 44.82
0.132 46.75 44.37
0.134 46.95 44.12
0.136 46.62 44.31
0.138 46.55 44.37
0.14 46.75 44.18
0.142 46.55 44.63
0.144 46.48 44.44
0.146 46.28 44.37
0.148 46.28 44.24
0.15 46.62 44.18
0.152 46.48 44.05
0.154 46.15 44.44
0.156 46.35 44.44
0.158 46.89 44.24
0.16 46.55 44.12
0.162 46.48 44.05
0.164 46.48 43.55
0.166 46.15 43.36
0.168 46.42 43.36
0.17 46.62 43.23
0.172 46.09 43.3
0.174 46.48 43.11
0.176 46.09 43.3
0.178 46.28 43.3
0.18 46.28 43.17
0.182 46.15 43.61
0.184 46.62 43.3
0.186 46.35 43.42
0.188 46.15 43.42
0.19 46.22 43.11
0.192 46.22 43.3
0.194 46.02 43.17
0.196 46.42 43.23
0.198 46.48 43.23
0.2 46.15 43.05
0.202 46.35 43.3
0.204 46.22 43.17
0.206 46.15 42.92
0.208 45.63 42.8
0.21 46.09 43.17
0.212 46.09 42.86
0.214 45.95 42.86
0.216 46.35 43.05
0.218 46.35 42.8
0.22 46.35 42.68
0.222 46.09 43.11
0.224 45.95 42.8
0.226 46.02 42.68
0.228 45.82 42.55
0.23 46.15 43.05
0.232 45.95 42.8
0.234 46.42 42.74
0.236 46.09 42.55
0.238 45.89 42.49
0.24 45.95 42.68
0.242 45.89 42.55
0.244 45.95 42.37
0.246 46.15 42.55
0.248 45.63 42.37
0.25 45.56 42.31
0.252 45.63 42.37
0.254 45.63 42.31
0.256 45.49 42.12
0.258 45.49 42.25
0.26 45.56 42.12
0.262 45.89 42.06
0.264 45.36 42.31
0.266 45.69 42.19
0.268 45.49 42.25
0.27 45.69 42.19
0.272 45.63 42.25
0.274 45.69 42.06
0.276 45.69 42.12
0.278 45.82 42
0.28 45.56 41.94
0.282 45.89 42.19
0.284 45.63 42.12
0.286 45.95 42
0.288 45.63 41.94
0.29 45.63 41.82
0.292 45.76 42.12
0.294 45.49 42.06
0.296 45.56 41.88
0.298 45.36 42.06
0.3 45.63 41.88
0.302 45.82 41.82
0.304 45.89 41.82
0.306 45.76 41.76
0.308 45.49 41.76
0.31 45.69 41.46
0.312 46.02 41.76
0.314 45.89 42.31
0.316 46.02 42.43
0.318 45.82 42.49
0.32 45.95 41.94
0.322 45.95 41.58
0.324 45.82 41.58
0.326 46.15 41.34
0.328 45.89 41.28
0.33 45.95 41.7
0.332 46.15 41.76
0.334 45.82 41.88
0.336 45.76 41.7
0.338 45.36 41.76
0.34 45.63 41.64
0.342 45.69 41.7
0.344 45.89 41.94
0.346 46.09 41.58
0.348 46.15 41.64
0.35 45.95 41.82
0.352 45.95 41.88
0.354 46.02 41.82
0.356 46.15 42
0.358 46.22 41.64
0.36 45.69 41.46
0.362 45.89 41.34
0.364 46.09 41.64
0.366 45.95 41.76
0.368 45.89 42
0.37 45.82 41.76
0.372 45.82 41.82
0.374 46.15 42.06
0.376 45.82 42
0.378 45.95 41.82
0.38 45.76 41.88
0.382 45.82 42.06
0.384 46.15 42.37
0.386 45.82 42
0.388 45.89 42.25
0.39 46.02 42.31
0.392 46.09 42.25
0.394 45.89 42.19
0.396 45.95 42.19
0.398 46.15 42.37
0.4 46.15 42.31
0.402 46.02 42.61
0.404 45.89 42.37
0.406 46.22 42.49
0.408 45.76 42.49
0.41 46.09 42.55
0.412 45.82 42.55
0.414 46.09 42.8
0.416 45.82 42.92
0.418 46.15 42.86
0.42 46.02 42.86
0.422 46.02 42.74
0.424 46.02 43.11
0.426 46.15 43.11
0.428 46.42 43.17
0.43 46.28 42.92
0.432 46.62 42.98
0.434 46.35 43.11
0.436 46.09 43.36
0.438 45.89 43.05
0.44 46.02 43.11
0.442 46.15 42.98
0.444 46.28 43.3
0.446 46.22 43.3
0.448 46.28 43.48
0.45 46.22 43.74
0.452 46.28 43.48
0.454 46.62 43.8
0.456 46.62 43.8
0.458 46.69 43.8
0.46 47.29 43.86
0.462 47.5 43.99
0.464 47.5 43.74
0.466 47.57 43.86
0.468 47.09 43.86
0.47 46.55 44.05
0.472 46.28 43.86
0.474 46.75 43.67
0.476 46.15 43.99
0.478 46.55 44.05
0.48 46.69 44.12
0.482 46.42 44.12
0.484 46.48 44.31
0.486 46.75 44.24
0.488 46.82 44.24
0.49 46.89 44.24
0.492 47.09 44.31
0.494 46.69 44.82
0.496 47.22 44.89
0.498 47.02 45.15
0.5 47.02 44.82
0.502 47.22 45.28
0.504 47.16 45.41
0.506 47.7 45.74
0.508 47.22 46.07
0.51 47.36 46.07
0.512 47.22 45.87
0.514 47.5 46.27
0.516 47.77 46.34
0.518 47.77 46.07
0.52 47.63 45.74
0.522 48.26 46.13
0.524 48.19 46.27
0.526 47.91 46.54
0.528 48.19 46.4
0.53 48.32 46.2
0.532 48.81 46.87
0.534 48.53 46.81
0.536 48.6 46.74
0.538 48.74 46.94
0.54 48.74 47.15
0.542 48.88 47.15
0.544 49.03 47.35
0.546 49.38 47.28
0.548 48.96 47.83
0.55 49.45 47.76
0.552 49.88 47.7
0.554 49.96 47.83
0.556 50.25 47.97
0.558 50.25 48.04
0.56 50.17 48.74
0.562 50.32 48.46
0.564 50.54 48.81
0.566 50.83 49.03
0.568 50.61 49.46
0.57 51.2 49.38
0.572 51.28 49.46
0.574 51.05 49.89
0.576 51.2 49.96
0.578 51.43 49.96
0.58 51.95 50.25
0.582 52.1 50.18
0.584 52.87 50.47
0.586 52.95 51.07
0.588 53.18 51.14
0.59 53.41 51.59
0.592 53.41 51.67
0.594 53.88 51.67
0.596 54.84 52.2
0.598 55.01 52.43
0.6 55.09 52.51
0.602 55.49 52.89
0.604 55.99 53.21
0.606 56.66 53.68
0.608 56.83 53.28
0.61 57.59 54.08
0.612 57.68 54.16
0.614 58.03 54.32
0.616 58.38 54.56
0.618 58.55 55.21
0.62 59.44 55.37
0.622 60.07 55.54
0.624 60.26 56.71
0.626 60.35 56.88
